10000 nodes;64 threads;64 queues;0.1 edge probability;
time=0.1923357;beta=1
time=0.0989273;beta=5
time=0.1080742;beta=15
time=0.1091188;beta=20
