10000 nodes;64 threads;64 queues;0.1 edge probability;
time=0.67307;beta=1
time=0.781344;beta=5
time=0.700737;beta=15
time=0.659245;beta=20
